-531091106
-528993922
-530894499
-528797315
-530960036
-528862852
-530763429
-528666245
-530828966
-528731782
-530632359
-528535175
-530697896
-528600712
-531549865
-529452681
-531615402
-529518218
-531418795
-529321611
-531484332
-529387148
-531287725
-529190541
-531353262
-529256078
-531156655
-529059471
-531222192
-529125008
-532074161
-529976977
-532139698
-530042514
-531943091
-529845907
-532008628
-529911444
-531812021
-529714837
-531877558
-529780374
-531746488
-529649304
-531680951
-529583767
-532598457
-530501273
-532663994
-530566810
-532467387
-530370203
-536268529
-536334066
-536137459
-536202996
-536006389
-536071926
-535875319
-535940856
-536792825
-536858362
-596101826
-598199010
-595905219
-598002403
-595970756
-598067940
-595774149
-597871333
-595839686
-597936870
-595643079
-597740263
-595708616
-597805800
-596560585
-598657769
-596626122
-598723306
-596429515
-598526699
-596495052
-598592236
-596298445
-598395629
-596363982
-598461166
-596167375
-598264559
-596232912
-598330096
-597084881
-599182065
-597150418
-599247602
-596953811
-599050995
-597019348
-599116532
-596822741
-598919925
-596888278
-598985462
-596757208
-598854392
-596691671
-598788855
-597609177
-599706361
-597674714
-599771898
-597478107
-599575291
-601279121
-601344658
-601148051
-601213588
-601016981
-601082518
-600885911
-600951448
-601803417
-601868954
-528928579
-531025763
-528863042
-530960226
-528797505
-530894689
-528731976
-530829160
-528666439
-530763623
-528600902
-530698086
-528535365
-530632549
-529518412
-531615596
-529452875
-531550059
-529387338
-531484522
-529321801
-531418985
-529256272
-531353456
-529190735
-531287919
-529125198
-531222382
-529059661
-531156845
-530042708
-532139892
-529977171
-532074355
-529911634
-532008818
-529846097
-531943281
-529780568
-531877752
-529715031
-531812215
-529583957
-531681141
-529649494
-531746678
-530567004
-532664188
-530501467
-532598651
-530435930
-532533114
-534236948
-534171411
-534105874
-534040337
-533974808
-533909271
-533843734
-533778197
-534761244
-534695707
-610716515
-608619331
-610650978
-608553794
-610585441
-608488257
-610519912
-608422728
-610454375
-608357191
-610388838
-608291654
-610323301
-608226117
-611306348
-609209164
-611240811
-609143627
-611175274
-609078090
-611109737
-609012553
-611044208
-608947024
-610978671
-608881487
-610913134
-608815950
-610847597
-608750413
-611830644
-609733460
-611765107
-609667923
-611699570
-609602386
-611634033
-609536849
-611568504
-609471320
-611502967
-609405783
-611371893
-609274709
-611437430
-609340246
-612354940
-610257756
-612289403
-610192219
-612223866
-610126682
-607636276
-607570739
-607505202
-607439665
-607374136
-607308599
-607243062
-607177525
-608160572
-608095035
-543805284
-541708100
-543870817
-541773633
-543936354
-541839170
-544001895
-541904711
-544067432
-541970248
-544132965
-542035781
-544198502
-542101318
-543215467
-541118283
-543281004
-541183820
-543346537
-541249353
-543412074
-541314890
-543477615
-541380431
-543543152
-541445968
-543608685
-541511501
-543674222
-541577038
-544788339
-542691155
-544853876
-542756692
-544919409
-542822225
-544984946
-542887762
-545050487
-542953303
-545116024
-543018840
-545247094
-543149910
-545181557
-543084373
-544264059
-542166875
-544329596
-542232412
-544395129
-542297945
-540593971
-540659508
-540725041
-540790578
-540856119
-540921656
-540987189
-541052726
-540069691
-540135228
-608815748
-610912932
-608881281
-610978465
-608946818
-611044002
-609012359
-611109543
-609077896
-611175080
-609143429
-611240613
-609208966
-611306150
-608225931
-610323115
-608291468
-610388652
-608357001
-610454185
-608422538
-610519722
-608488079
-610585263
-608553616
-610650800
-608619149
-610716333
-608684686
-610781870
-609798803
-611895987
-609864340
-611961524
-609929873
-612027057
-609995410
-612092594
-610060951
-612158135
-610126488
-612223672
-610257558
-612354742
-610192021
-612289205
-609274523
-611371707
-609340060
-611437244
-609405593
-611502777
-605604563
-605670100
-605735633
-605801170
-605866711
-605932248
-605997781
-606063318
-605080283
-605145820
-524340797
-526437917
-524537408
-526634528
-524471871
-526568991
-524668474
-526765594
-524602937
-526700057
-524799548
-526896668
-524734011
-526831131
-524930614
-527027734
-524865077
-526962197
-525061688
-527158808
-524996151
-527093271
-525192754
-527289874
-525127217
-527224337
-525323828
-527420948
-525258291
-527355411
-525454894
-527552014
-525389357
-527486477
-525585968
-527683088
-525520431
-527617551
-525717034
-527814154
-525651497
-527748617
-525782571
-527879691
-525848108
-527945228
-525979174
-528076294
-525913637
-528010757
-526110248
-528207368
-521260654
-521195117
-521391728
-521326191
-521522794
-521457257
-521653868
-521588331
-521784934
-521719397
-589351517
-587254397
-589548128
-587451008
-589482591
-587385471
-589679194
-587582074
-589613657
-587516537
-589810268
-587713148
-589744731
-587647611
-589941334
-587844214
-589875797
-587778677
-590072408
-587975288
-590006871
-587909751
-590203474
-588106354
-590137937
-588040817
-590334548
-588237428
-590269011
-588171891
-590465614
-588368494
-590400077
-588302957
-590596688
-588499568
-590531151
-588434031
-590727754
-588630634
-590662217
-588565097
-590793291
-588696171
-590858828
-588761708
-590989894
-588892774
-590924357
-588827237
-591120968
-589023848
-594659854
-594594317
-594790928
-594725391
-594921994
-594856457
-595053068
-594987531
-595184134
-595118597
-522440286
-520343166
-522243679
-520146559
-522309216
-520212096
-522636889
-520539769
-522702426
-520605306
-522505819
-520408699
-522571356
-520474236
-522899029
-520801909
-522964566
-520867446
-522767959
-520670839
-522833496
-520736376
-523161169
-521064049
-523226706
-521129586
-523030099
-520932979
-523095636
-520998516
-523423309
-521326189
-523488846
-521391726
-523292239
-521195119
-523357776
-521260656
-523685449
-521588329
-523750986
-521653866
-523619916
-521522796
-523554379
-521457259
-523947589
-521850469
-524013126
-521916006
-523816519
-521719399
-527617549
-527683086
-527486479
-527552016
-527879689
-527945226
-527748619
-527814156
-528141829
-528207366
-587451006
-589548126
-587254399
-589351519
-587319936
-589417056
-587647609
-589744729
-587713146
-589810266
-587516539
-589613659
-587582076
-589679196
-587909749
-590006869
-587975286
-590072406
-587778679
-589875799
-587844216
-589941336
-588171889
-590269009
-588237426
-590334546
-588040819
-590137939
-588106356
-590203476
-588434029
-590531149
-588499566
-590596686
-588302959
-590400079
-588368496
-590465616
-588696169
-590793289
-588761706
-590858826
-588630636
-590727756
-588565099
-590662219
-588958309
-591055429
-589023846
-591120966
-588827239
-590924359
-592628269
-592693806
-592497199
-592562736
-592890409
-592955946
-592759339
-592824876
-593152549
-593218086
-520277759
-522374879
-520212222
-522309342
-520146685
-522243805
-520605436
-522702556
-520539899
-522637019
-520474362
-522571482
-520408825
-522505945
-520867576
-522964696
-520802039
-522899159
-520736502
-522833622
-520670965
-522768085
-521129716
-523226836
-521064179
-523161299
-520998642
-523095762
-520933105
-523030225
-521391856
-523488976
-521326319
-523423439
-521260782
-523357902
-521195245
-523292365
-521653996
-523751116
-521588459
-523685579
-521457385
-523554505
-521522922
-523620042
-521916136
-524013256
-521850599
-523947719
-521785062
-523882182
-525586096
-525520559
-525455022
-525389485
-525848236
-525782699
-525717162
-525651625
-526110376
-526044839
-602065439
-599968319
-601999902
-599902782
-601934365
-599837245
-602393116
-600295996
-602327579
-600230459
-602262042
-600164922
-602196505
-600099385
-602655256
-600558136
-602589719
-600492599
-602524182
-600427062
-602458645
-600361525
-602917396
-600820276
-602851859
-600754739
-602786322
-600689202
-602720785
-600623665
-603179536
-601082416
-603113999
-601016879
-603048462
-600951342
-602982925
-600885805
-603441676
-601344556
-603376139
-601279019
-603245065
-601147945
-603310602
-601213482
-603703816
-601606696
-603638279
-601541159
-603572742
-601475622
-598985296
-598919759
-598854222
-598788685
-599247436
-599181899
-599116362
-599050825
-599509576
-599444039
-535154208
-533057088
-535219741
-533122621
-535285278
-533188158
-534826523
-532729403
-534892060
-532794940
-534957593
-532860473
-535023130
-532926010
-535612951
-533515831
-535678488
-533581368
-535744021
-533646901
-535809558
-533712438
-535350803
-533253683
-535416340
-533319220
-535481873
-533384753
-535547410
-533450290
-536137231
-534040111
-536202768
-534105648
-536268301
-534171181
-536333838
-534236718
-535875083
-533777963
-535940620
-533843500
-536071690
-533974570
-536006153
-533909033
-536661511
-534564391
-536727048
-534629928
-536792581
-534695461
-531942991
-532008528
-532074061
-532139598
-531680843
-531746380
-531811913
-531877450
-532467271
-532532808
-600164928
-602262048
-600230461
-602327581
-600295998
-602393118
-599837243
-601934363
-599902780
-601999900
-599968313
-602065433
-600033850
-602130970
-600623671
-602720791
-600689208
-602786328
-600754741
-602851861
-600820278
-602917398
-600361523
-602458643
-600427060
-602524180
-600492593
-602589713
-600558130
-602655250
-601147951
-603245071
-601213488
-603310608
-601279021
-603376141
-601344558
-603441678
-600885803
-602982923
-600951340
-603048460
-601082410
-603179530
-601016873
-603113993
-601672231
-603769351
-601737768
-603834888
-601803301
-603900421
-596953711
-597019248
-597084781
-597150318
-596691563
-596757100
-596822633
-596888170
-597477991
-597543528
-519884681
-517787561
-520081292
-517984172
-520015755
-517918635
-519688078
-517590958
-519622541
-517525421
-519819152
-517722032
-519753615
-517656495
-519425922
-517328802
-519360385
-517263265
-519556996
-517459876
-519491459
-517394339
-519163782
-517066662
-519098245
-517001125
-519294856
-517197736
-519229319
-517132199
-518901658
-516804538
-518836121
-516739001
-519032732
-516935612
-518967195
-516870075
-518639518
-516542398
-518573981
-516476861
-518705055
-516607935
-518770592
-516673472
-518377362
-516280242
-518311825
-516214705
-518508436
-516411316
-514707418
-514641881
-514838492
-514772955
-514445278
-514379741
-514576352
-514510815
-514183122
-514117585
-584895401
-586992521
-585092012
-587189132
-585026475
-587123595
-584698798
-586795918
-584633261
-586730381
-584829872
-586926992
-584764335
-586861455
-584436642
-586533762
-584371105
-586468225
-584567716
-586664836
-584502179
-586599299
-584174502
-586271622
-584108965
-586206085
-584305576
-586402696
-584240039
-586337159
-583912378
-586009498
-583846841
-585943961
-584043452
-586140572
-583977915
-586075035
-583650238
-585747358
-583584701
-585681821
-583715775
-585812895
-583781312
-585878432
-583388082
-585485202
-583322545
-585419665
-583519156
-585616276
-579718138
-579652601
-579849212
-579783675
-579455998
-579390461
-579587072
-579521535
-579193842
-579128305
-517984170
-520081290
-517787563
-519884683
-517853100
-519950220
-517656493
-519753613
-517722030
-519819150
-517525423
-519622543
-517590960
-519688080
-517394337
-519491457
-517459874
-519556994
-517263267
-519360387
-517328804
-519425924
-517132197
-519229317
-517197734
-519294854
-517001127
-519098247
-517066664
-519163784
-516870073
-518967193
-516935610
-519032730
-516739003
-518836123
-516804540
-518901660
-516607933
-518705053
-516673470
-518770590
-516542400
-518639520
-516476863
-518573983
-516345777
-518442897
-516411314
-518508434
-516214707
-518311827
-512675833
-512741370
-512544763
-512610300
-512413693
-512479230
-512282623
-512348160
-512151537
-512217074
-582994890
-580897770
-582798283
-580701163
-582863820
-580766700
-582667213
-580570093
-582732750
-580635630
-582536143
-580439023
-582601680
-580504560
-582405057
-580307937
-582470594
-580373474
-582273987
-580176867
-582339524
-580242404
-582142917
-580045797
-582208454
-580111334
-582011847
-579914727
-582077384
-579980264
-581880793
-579783673
-581946330
-579849210
-581749723
-579652603
-581815260
-579718140
-581618653
-579521533
-581684190
-579587070
-581553120
-579456000
-581487583
-579390463
-581356497
-579259377
-581422034
-579324914
-581225427
-579128307
-586075033
-586140570
-585943963
-586009500
-585812893
-585878430
-585681823
-585747360
-585550737
-585616274
-515821643
-513724523
-515756106
-513658986
-515690569
-513593449
-515625040
-513527920
-515559503
-513462383
-515493966
-513396846
-515428429
-513331309
-515362884
-513265764
-515297347
-513200227
-515231810
-513134690
-515166273
-513069153
-515100744
-513003624
-515035207
-512938087
-514969670
-512872550
-514904133
-512807013
-514838620
-512741500
-514773083
-512675963
-514707546
-512610426
-514642009
-512544889
-514576480
-512479360
-514510943
-512413823
-514379869
-512282749
-514445406
-512348286
-514314324
-512217204
-514248787
-512151667
-514183250
-512086130
-519032860
-518967323
-518901786
-518836249
-518770720
-518705183
-518639646
-518574109
-518508564
-518443027
-580832363
-582929483
-580766826
-582863946
-580701289
-582798409
-580635760
-582732880
-580570223
-582667343
-580504686
-582601806
-580439149
-582536269
-580373604
-582470724
-580308067
-582405187
-580242530
-582339650
-580176993
-582274113
-580111464
-582208584
-580045927
-582143047
-579980390
-582077510
-579914853
-582011973
-579849340
-581946460
-579783803
-581880923
-579718266
-581815386
-579652729
-581749849
-579587200
-581684320
-579521663
-581618783
-579390589
-581487709
-579456126
-581553246
-579325044
-581422164
-579259507
-581356627
-579193970
-581291090
-584043580
-583978043
-583912506
-583846969
-583781440
-583715903
-583650366
-583584829
-583519284
-583453747
-526504044
-524406860
-526569577
-524472393
-526635114
-524537930
-526700655
-524603471
-526766192
-524669008
-526831725
-524734541
-526897262
-524800078
-526962787
-524865603
-527028324
-524931140
-527093857
-524996673
-527159394
-525062210
-527224935
-525127751
-527290472
-525193288
-527356005
-525258821
-527421542
-525324358
-527487099
-525389915
-527552636
-525455452
-527618169
-525520985
-527683706
-525586522
-527749247
-525652063
-527814784
-525717600
-527945854
-525848670
-527880317
-525783133
-528011379
-525914195
-528076916
-525979732
-528142449
-526045265
-523292731
-523358268
-523423801
-523489338
-523554879
-523620416
-523685949
-523751486
-523817011
-523882548
-591514508
-593611692
-591580041
-593677225
-591645578
-593742762
-591711119
-593808303
-591776656
-593873840
-591842189
-593939373
-591907726
-594004910
-591973251
-594070435
-592038788
-594135972
-592104321
-594201505
-592169858
-594267042
-592235399
-594332583
-592300936
-594398120
-592366469
-594463653
-592432006
-594529190
-592497563
-594594747
-592563100
-594660284
-592628633
-594725817
-592694170
-594791354
-592759711
-594856895
-592825248
-594922432
-592956318
-595053502
-592890781
-594987965
-593021843
-595119027
-593087380
-595184564
-593152913
-595250097
-588303323
-588368860
-588434393
-588499930
-588565471
-588631008
-588696541
-588762078
-588827603
-588893140
-511233797
-509136677
-511430408
-509333288
-511364871
-509267751
-511561474
-509464354
-511495937
-509398817
-511692548
-509595428
-511627011
-509529891
-510775054
-508677934
-510709517
-508612397
-510906128
-508809008
-510840591
-508743471
-511037194
-508940074
-510971657
-508874537
-511168268
-509071148
-511102731
-509005611
-510250774
-508153654
-510185237
-508088117
-510381848
-508284728
-510316311
-508219191
-510512914
-508415794
-510447377
-508350257
-510578451
-508481331
-510643988
-508546868
-509726494
-507629374
-509660957
-507563837
-509857568
-507760448
-506056534
-505990997
-506187608
-506122071
-506318674
-506253137
-506449748
-506384211
-505532254
-505466717
-576244517
-578341637
-576441128
-578538248
-576375591
-578472711
-576572194
-578669314
-576506657
-578603777
-576703268
-578800388
-576637731
-578734851
-575785774
-577882894
-575720237
-577817357
-575916848
-578013968
-575851311
-577948431
-576047914
-578145034
-575982377
-578079497
-576178988
-578276108
-576113451
-578210571
-575261494
-577358614
-575195957
-577293077
-575392568
-577489688
-575327031
-577424151
-575523634
-577620754
-575458097
-577555217
-575589171
-577686291
-575654708
-577751828
-574737214
-576834334
-574671677
-576768797
-574868288
-576965408
-571067254
-571001717
-571198328
-571132791
-571329394
-571263857
-571460468
-571394931
-570542974
-570477437
-509333286
-511430406
-509136679
-511233799
-509202216
-511299336
-509529889
-511627009
-509595426
-511692546
-509398819
-511495939
-509464356
-511561476
-508743469
-510840589
-508809006
-510906126
-508612399
-510709519
-508677936
-510775056
-509005609
-511102729
-509071146
-511168266
-508874539
-510971659
-508940076
-511037196
-508219189
-510316309
-508284726
-510381846
-508088119
-510185239
-508153656
-510250776
-508481329
-510578449
-508546866
-510643986
-508415796
-510512916
-508350259
-510447379
-507694909
-509792029
-507760446
-509857566
-507563839
-509660959
-504024949
-504090486
-503893879
-503959416
-504287089
-504352626
-504156019
-504221556
-503500669
-503566206
-574344006
-572246886
-574147399
-572050279
-574212936
-572115816
-574540609
-572443489
-574606146
-572509026
-574409539
-572312419
-574475076
-572377956
-573754189
-571657069
-573819726
-571722606
-573623119
-571525999
-573688656
-571591536
-574016329
-571919209
-574081866
-571984746
-573885259
-571788139
-573950796
-571853676
-573229909
-571132789
-573295446
-571198326
-573098839
-571001719
-573164376
-571067256
-573492049
-571394929
-573557586
-571460466
-573426516
-571329396
-573360979
-571263859
-572705629
-570608509
-572771166
-570674046
-572574559
-570477439
-577424149
-577489686
-577293079
-577358616
-577686289
-577751826
-577555219
-577620756
-576899869
-576965406
-507170759
-505073639
-507105222
-505008102
-507039685
-504942565
-507498436
-505401316
-507432899
-505335779
-507367362
-505270242
-507301825
-505204705
-506712016
-504614896
-506646479
-504549359
-506580942
-504483822
-506515405
-504418285
-506974156
-504877036
-506908619
-504811499
-506843082
-504745962
-506777545
-504680425
-506187736
-504090616
-506122199
-504025079
-506056662
-503959542
-505991125
-503894005
-506449876
-504352756
-506384339
-504287219
-506253265
-504156145
-506318802
-504221682
-505663456
-503566336
-505597919
-503500799
-505532382
-503435262
-510381976
-510316439
-510250902
-510185365
-510644116
-510578579
-510513042
-510447505
-509857696
-509792159
-572181479
-574278599
-572115942
-574213062
-572050405
-574147525
-572509156
-574606276
-572443619
-574540739
-572378082
-574475202
-572312545
-574409665
-571722736
-573819856
-571657199
-573754319
-571591662
-573688782
-571526125
-573623245
-571984876
-574081996
-571919339
-574016459
-571853802
-573950922
-571788265
-573885385
-571198456
-573295576
-571132919
-573230039
-571067382
-573164502
-571001845
-573098965
-571460596
-573557716
-571395059
-573492179
-571263985
-573361105
-571329522
-573426642
-570674176
-572771296
-570608639
-572705759
-570543102
-572640222
-575392696
-575327159
-575261622
-575196085
-575654836
-575589299
-575523762
-575458225
-574868416
-574802879
-505270248
-507367368
-505335781
-507432901
-505401318
-507498438
-504942563
-507039683
-505008100
-507105220
-505073633
-507170753
-505139170
-507236290
-504680431
-506777551
-504745968
-506843088
-504811501
-506908621
-504877038
-506974158
-504418283
-506515403
-504483820
-506580940
-504549353
-506646473
-504614890
-506712010
-504156151
-506253271
-504221688
-506318808
-504287221
-506384341
-504352758
-506449878
-503894003
-505991123
-503959540
-506056660
-504090610
-506187730
-504025073
-506122193
-503631871
-505728991
-503697408
-505794528
-503762941
-505860061
-508350391
-508415928
-508481461
-508546998
-508088243
-508153780
-508219313
-508284850
-507826111
-507891648
-587057928
-584960808
-587123461
-585026341
-587188998
-585091878
-586730243
-584633123
-586795780
-584698660
-586861313
-584764193
-586926850
-584829730
-586468111
-584370991
-586533648
-584436528
-586599181
-584502061
-586664718
-584567598
-586205963
-584108843
-586271500
-584174380
-586337033
-584239913
-586402570
-584305450
-585943831
-583846711
-586009368
-583912248
-586074901
-583977781
-586140438
-584043318
-585681683
-583584563
-585747220
-583650100
-585878290
-583781170
-585812753
-583715633
-585419551
-583322431
-585485088
-583387968
-585550621
-583453501
-581749591
-581815128
-581880661
-581946198
-581487443
-581552980
-581618513
-581684050
-581225311
-581290848
-567594161
-569691281
-567790772
-569887892
-567725235
-569822355
-567397558
-569494678
-567332021
-569429141
-567528632
-569625752
-567463095
-569560215
-568183994
-570281114
-568118457
-570215577
-568315068
-570412188
-568249531
-570346651
-567921854
-570018974
-567856317
-569953437
-568052928
-570150048
-567987391
-570084511
-566611106
-568708226
-566545569
-568642689
-566742180
-568839300
-566676643
-568773763
-566348966
-568446086
-566283429
-568380549
-566414503
-568511623
-566480040
-568577160
-567135402
-569232522
-567069865
-569166985
-567266476
-569363596
-562416866
-562351329
-562547940
-562482403
-562154726
-562089189
-562285800
-562220263
-562941162
-562875625
-632604881
-630507761
-632801492
-630704372
-632735955
-630638835
-632408278
-630311158
-632342741
-630245621
-632539352
-630442232
-632473815
-630376695
-633194714
-631097594
-633129177
-631032057
-633325788
-631228668
-633260251
-631163131
-632932574
-630835454
-632867037
-630769917
-633063648
-630966528
-632998111
-630900991
-631621826
-629524706
-631556289
-629459169
-631752900
-629655780
-631687363
-629590243
-631359686
-629262566
-631294149
-629197029
-631425223
-629328103
-631490760
-629393640
-632146122
-630049002
-632080585
-629983465
-632277196
-630180076
-635816066
-635750529
-635947140
-635881603
-635553926
-635488389
-635685000
-635619463
-636340362
-636274825
-565693650
-563596530
-565497043
-563399923
-565562580
-563465460
-565365973
-563268853
-565431510
-563334390
-565234903
-563137783
-565300440
-563203320
-566152409
-564055289
-566217946
-564120826
-566021339
-563924219
-566086876
-563989756
-565890269
-563793149
-565955806
-563858686
-565759199
-563662079
-565824736
-563727616
-564579521
-562482401
-564645058
-562547938
-564448451
-562351331
-564513988
-562416868
-564317381
-562220261
-564382918
-562285798
-564251848
-562154728
-564186311
-562089191
-565103817
-563006697
-565169354
-563072234
-564972747
-562875627
-568773761
-568839298
-568642691
-568708228
-568511621
-568577158
-568380551
-568446088
-569298057
-569363594
-630704370
-632801490
-630507763
-632604883
-630573300
-632670420
-630376693
-632473813
-630442230
-632539350
-630245623
-632342743
-630311160
-632408280
-631163129
-633260249
-631228666
-633325786
-631032059
-633129179
-631097596
-633194716
-630900989
-632998109
-630966526
-633063646
-630769919
-632867039
-630835456
-632932576
-629590241
-631687361
-629655778
-631752898
-629459171
-631556291
-629524708
-631621828
-629328101
-631425221
-629393638
-631490758
-629262568
-631359688
-629197031
-631294151
-630114537
-632211657
-630180074
-632277194
-629983467
-632080587
-633784481
-633850018
-633653411
-633718948
-633522341
-633587878
-633391271
-633456808
-634308777
-634374314
-563531123
-565628243
-563465586
-565562706
-563400049
-565497169
-563334520
-565431640
-563268983
-565366103
-563203446
-565300566
-563137909
-565235029
-564120956
-566218076
-564055419
-566152539
-563989882
-566087002
-563924345
-566021465
-563858816
-565955936
-563793279
-565890399
-563727742
-565824862
-563662205
-565759325
-562548068
-564645188
-562482531
-564579651
-562416994
-564514114
-562351457
-564448577
-562285928
-564383048
-562220391
-564317511
-562089317
-564186437
-562154854
-564251974
-563072364
-565169484
-563006827
-565103947
-562941290
-565038410
-566742308
-566676771
-566611234
-566545697
-566480168
-566414631
-566349094
-566283557
-567266604
-567201067
-645318803
-643221683
-645253266
-643156146
-645187729
-643090609
-645122200
-643025080
-645056663
-642959543
-644991126
-642894006
-644925589
-642828469
-645908636
-643811516
-645843099
-643745979
-645777562
-643680442
-645712025
-643614905
-645646496
-643549376
-645580959
-643483839
-645515422
-643418302
-645449885
-643352765
-644335748
-642238628
-644270211
-642173091
-644204674
-642107554
-644139137
-642042017
-644073608
-641976488
-644008071
-641910951
-643876997
-641779877
-643942534
-641845414
-644860044
-642762924
-644794507
-642697387
-644728970
-642631850
-640141508
-640075971
-640010434
-639944897
-639879368
-639813831
-639748294
-639682757
-640665804
-640600267
-578407572
-576310452
-578473105
-576375985
-578538642
-576441522
-578604183
-576507063
-578669720
-576572600
-578735253
-576638133
-578800790
-576703670
-577817755
-575720635
-577883292
-575786172
-577948825
-575851705
-578014362
-575917242
-578079903
-575982783
-578145440
-576048320
-578210973
-576113853
-578276510
-576179390
-577293443
-575196323
-577358980
-575261860
-577424513
-575327393
-577490050
-575392930
-577555591
-575458471
-577621128
-575524008
-577752198
-575655078
-577686661
-575589541
-576769163
-574672043
-576834700
-574737580
-576900233
-574803113
-573099203
-573164740
-573230273
-573295810
-573361351
-573426888
-573492421
-573557958
-572574923
-572640460
-643418292
-645515412
-643483825
-645580945
-643549362
-645646482
-643614903
-645712023
-643680440
-645777560
-643745973
-645843093
-643811510
-645908630
-642828475
-644925595
-642894012
-644991132
-642959545
-645056665
-643025082
-645122202
-643090623
-645187743
-643156160
-645253280
-643221693
-645318813
-643287230
-645384350
-642304163
-644401283
-642369700
-644466820
-642435233
-644532353
-642500770
-644597890
-642566311
-644663431
-642631848
-644728968
-642762918
-644860038
-642697381
-644794501
-641779883
-643877003
-641845420
-643942540
-641910953
-644008073
-638109923
-638175460
-638240993
-638306530
-638372071
-638437608
-638503141
-638568678
-637585643
-637651180
-558943277
-561040397
-559139888
-561237008
-559074351
-561171471
-559270954
-561368074
-559205417
-561302537
-559402028
-561499148
-559336491
-561433611
-559533094
-561630214
-559467557
-561564677
-559664168
-561761288
-559598631
-561695751
-559795234
-561892354
-559729697
-561826817
-559926308
-562023428
-559860771
-561957891
-557960254
-560057374
-557894717
-559991837
-558091328
-560188448
-558025791
-560122911
-558222394
-560319514
-558156857
-560253977
-558287931
-560385051
-558353468
-560450588
-558484534
-560581654
-558418997
-560516117
-558615608
-560712728
-553766014
-553700477
-553897088
-553831551
-554028154
-553962617
-554159228
-554093691
-554290294
-554224757
-623953997
-621856877
-624150608
-622053488
-624085071
-621987951
-624281674
-622184554
-624216137
-622119017
-624412748
-622315628
-624347211
-622250091
-624543814
-622446694
-624478277
-622381157
-624674888
-622577768
-624609351
-622512231
-624805954
-622708834
-624740417
-622643297
-624937028
-622839908
-624871491
-622774371
-622970974
-620873854
-622905437
-620808317
-623102048
-621004928
-623036511
-620939391
-623233114
-621135994
-623167577
-621070457
-623298651
-621201531
-623364188
-621267068
-623495254
-621398134
-623429717
-621332597
-623626328
-621529208
-627165214
-627099677
-627296288
-627230751
-627427354
-627361817
-627558428
-627492891
-627689494
-627623957
-557042766
-554945646
-556846159
-554749039
-556911696
-554814576
-557239369
-555142249
-557304906
-555207786
-557108299
-555011179
-557173836
-555076716
-557501509
-555404389
-557567046
-555469926
-557370439
-555273319
-557435976
-555338856
-557763649
-555666529
-557829186
-555732066
-557632579
-555535459
-557698116
-555600996
-555928669
-553831549
-555994206
-553897086
-555797599
-553700479
-555863136
-553766016
-556190809
-554093689
-556256346
-554159226
-556125276
-554028156
-556059739
-553962619
-556452949
-554355829
-556518486
-554421366
-556321879
-554224759
-560122909
-560188446
-559991839
-560057376
-560385049
-560450586
-560253979
-560319516
-560647189
-560712726
-622053486
-624150606
-621856879
-623953999
-621922416
-624019536
-622250089
-624347209
-622315626
-624412746
-622119019
-624216139
-622184556
-624281676
-622512229
-624609349
-622577766
-624674886
-622381159
-624478279
-622446696
-624543816
-622774369
-624871489
-622839906
-624937026
-622643299
-624740419
-622708836
-624805956
-620939389
-623036509
-621004926
-623102046
-620808319
-622905439
-620873856
-622970976
-621201529
-623298649
-621267066
-623364186
-621135996
-623233116
-621070459
-623167579
-621463669
-623560789
-621529206
-623626326
-621332599
-623429719
-625133629
-625199166
-625002559
-625068096
-625395769
-625461306
-625264699
-625330236
-625657909
-625723446
-569756688
-567659568
-569822221
-567725101
-569887758
-567790638
-569429003
-567331883
-569494540
-567397420
-569560073
-567462953
-569625610
-567528490
-570215431
-568118311
-570280968
-568183848
-570346501
-568249381
-570412038
-568314918
-569953283
-567856163
-570018820
-567921700
-570084353
-567987233
-570149890
-568052770
-568642591
-566545471
-568708128
-566611008
-568773661
-566676541
-568839198
-566742078
-568380443
-566283323
-568445980
-566348860
-568577050
-566479930
-568511513
-566414393
-569166871
-567069751
-569232408
-567135288
-569297941
-567200821
-564448351
-564513888
-564579421
-564644958
-564186203
-564251740
-564317273
-564382810
-564972631
-565038168
-634767408
-636864528
-634832941
-636930061
-634898478
-636995598
-634439723
-636536843
-634505260
-636602380
-634570793
-636667913
-634636330
-636733450
-635226151
-637323271
-635291688
-637388808
-635357221
-637454341
-635422758
-637519878
-634964003
-637061123
-635029540
-637126660
-635095073
-637192193
-635160610
-637257730
-633653311
-635750431
-633718848
-635815968
-633784381
-635881501
-633849918
-635947038
-633391163
-635488283
-633456700
-635553820
-633587770
-635684890
-633522233
-635619353
-634177591
-636274711
-634243128
-636340248
-634308661
-636405781
-629459071
-629524608
-629590141
-629655678
-629196923
-629262460
-629327993
-629393530
-629983351
-630048888
-554880239
-556977359
-554814702
-556911822
-554749165
-556846285
-555207916
-557305036
-555142379
-557239499
-555076842
-557173962
-555011305
-557108425
-555470056
-557567176
-555404519
-557501639
-555338982
-557436102
-555273445
-557370565
-555732196
-557829316
-555666659
-557763779
-555601122
-557698242
-555535585
-557632705
-553897216
-555994336
-553831679
-555928799
-553766142
-555863262
-553700605
-555797725
-554159356
-556256476
-554093819
-556190939
-553962745
-556059865
-554028282
-556125402
-554421496
-556518616
-554355959
-556453079
-554290422
-556387542
-558091456
-558025919
-557960382
-557894845
-558353596
-558288059
-558222522
-558156985
-558615736
-558550199
-636667919
-634570799
-636602382
-634505262
-636536845
-634439725
-636995596
-634898476
-636930059
-634832939
-636864522
-634767402
-636798985
-634701865
-637257736
-635160616
-637192199
-635095079
-637126662
-635029542
-637061125
-634964005
-637519876
-635422756
-637454339
-635357219
-637388802
-635291682
-637323265
-635226145
-635684896
-633587776
-635619359
-633522239
-635553822
-633456702
-635488285
-633391165
-635947036
-633849916
-635881499
-633784379
-635750425
-633653305
-635815962
-633718842
-636209176
-634112056
-636143639
-634046519
-636078102
-633980982
-631490656
-631425119
-631359582
-631294045
-631752796
-631687259
-631621722
-631556185
-632014936
-631949399
-550292921
-552390041
-550489532
-552586652
-550423995
-552521115
-550096318
-552193438
-550030781
-552127901
-550227392
-552324512
-550161855
-552258975
-549834162
-551931282
-549768625
-551865745
-549965236
-552062356
-549899699
-551996819
-549572022
-551669142
-549506485
-551603605
-549703096
-551800216
-549637559
-551734679
-551407018
-553504138
-551341481
-553438601
-551538092
-553635212
-551472555
-553569675
-551144878
-553241998
-551079341
-553176461
-551210415
-553307535
-551275952
-553373072
-550882722
-552979842
-550817185
-552914305
-551013796
-553110916
-547212778
-547147241
-547343852
-547278315
-546950638
-546885101
-547081712
-547016175
-546688482
-546622945
-615303641
-613206521
-615500252
-613403132
-615434715
-613337595
-615107038
-613009918
-615041501
-612944381
-615238112
-613140992
-615172575
-613075455
-614844882
-612747762
-614779345
-612682225
-614975956
-612878836
-614910419
-612813299
-614582742
-612485622
-614517205
-612420085
-614713816
-612616696
-614648279
-612551159
-616417738
-614320618
-616352201
-614255081
-616548812
-614451692
-616483275
-614386155
-616155598
-614058478
-616090061
-613992941
-616221135
-614124015
-616286672
-614189552
-615893442
-613796322
-615827905
-613730785
-616024516
-613927396
-620611978
-620546441
-620743052
-620677515
-620349838
-620284301
-620480912
-620415375
-620087682
-620022145
-548392410
-546295290
-548195803
-546098683
-548261340
-546164220
-548064733
-545967613
-548130270
-546033150
-547933663
-545836543
-547999200
-545902080
-547802577
-545705457
-547868114
-545770994
-547671507
-545574387
-547737044
-545639924
-547540437
-545443317
-547605974
-545508854
-547409367
-545312247
-547474904
-545377784
-549375433
-547278313
-549440970
-547343850
-549244363
-547147243
-549309900
-547212780
-549113293
-547016173
-549178830
-547081710
-549047760
-546950640
-548982223
-546885103
-548851137
-546754017
-548916674
-546819554
-548720067
-546622947
-553569673
-553635210
-553438603
-553504140
-553307533
-553373070
-553176463
-553242000
-553045377
-553110914
-613403130
-615500250
-613206523
-615303643
-613272060
-615369180
-613075453
-615172573
-613140990
-615238110
-612944383
-615041503
-613009920
-615107040
-612813297
-614910417
-612878834
-614975954
-612682227
-614779347
-612747764
-614844884
-612551157
-614648277
-612616694
-614713814
-612420087
-614517207
-612485624
-614582744
-614386153
-616483273
-614451690
-616548810
-614255083
-616352203
-614320620
-616417740
-614124013
-616221133
-614189550
-616286670
-614058480
-616155600
-613992943
-616090063
-613861857
-615958977
-613927394
-616024514
-613730787
-615827907
-618580393
-618645930
-618449323
-618514860
-618318253
-618383790
-618187183
-618252720
-618056097
-618121634
-546229883
-548327003
-546164346
-548261466
-546098809
-548195929
-546033280
-548130400
-545967743
-548064863
-545902206
-547999326
-545836669
-547933789
-545771124
-547868244
-545705587
-547802707
-545640050
-547737170
-545574513
-547671633
-545508984
-547606104
-545443447
-547540567
-545377910
-547475030
-545312373
-547409493
-547343980
-549441100
-547278443
-549375563
-547212906
-549310026
-547147369
-549244489
-547081840
-549178960
-547016303
-549113423
-546885229
-548982349
-546950766
-549047886
-546819684
-548916804
-546754147
-548851267
-546688610
-548785730
-551538220
-551472683
-551407146
-551341609
-551276080
-551210543
-551145006
-551079469
-551013924
-550948387
-628017563
-625920443
-627952026
-625854906
-627886489
-625789369
-627820960
-625723840
-627755423
-625658303
-627689886
-625592766
-627624349
-625527229
-627558804
-625461684
-627493267
-625396147
-627427730
-625330610
-627362193
-625265073
-627296664
-625199544
-627231127
-625134007
-627165590
-625068470
-627100053
-625002933
-629131660
-627034540
-629066123
-626969003
-629000586
-626903466
-628935049
-626837929
-628869520
-626772400
-628803983
-626706863
-628672909
-626575789
-628738446
-626641326
-628607364
-626510244
-628541827
-626444707
-628476290
-626379170
-624937420
-624871883
-624806346
-624740809
-624675280
-624609743
-624544206
-624478669
-624413124
-624347587
-697619825
-699716945
-697816436
-699913556
-697750899
-699848019
-697423222
-699520342
-697357685
-699454805
-697554296
-699651416
-697488759
-699585879
-698209658
-700306778
-698144121
-700241241
-698340732
-700437852
-698275195
-700372315
-697947518
-700044638
-697881981
-699979101
-698078592
-700175712
-698013055
-700110175
-696636770
-698733890
-696571233
-698668353
-696767844
-698864964
-696702307
-698799427
-696374630
-698471750
-696309093
-698406213
-696440167
-698537287
-696505704
-698602824
-697161066
-699258186
-697095529
-699192649
-697292140
-699389260
-700831010
-700765473
-700962084
-700896547
-700568870
-700503333
-700699944
-700634407
-701355306
-701289769
-712496274
-710399154
-712299667
-710202547
-712365204
-710268084
-712168597
-710071477
-712234134
-710137014
-712037527
-709940407
-712103064
-710005944
-712955033
-710857913
-713020570
-710923450
-712823963
-710726843
-712889500
-710792380
-712692893
-710595773
-712758430
-710661310
-712561823
-710464703
-712627360
-710530240
-711382145
-709285025
-711447682
-709350562
-711251075
-709153955
-711316612
-709219492
-711120005
-709022885
-711185542
-709088422
-711054472
-708957352
-710988935
-708891815
-711906441
-709809321
-711971978
-709874858
-711775371
-709678251
-707187905
-707253442
-707056835
-707122372
-706925765
-706991302
-706794695
-706860232
-707712201
-707777738
-710333747
-712430867
-710268210
-712365330
-710202673
-712299793
-710137144
-712234264
-710071607
-712168727
-710006070
-712103190
-709940533
-712037653
-710923580
-713020700
-710858043
-712955163
-710792506
-712889626
-710726969
-712824089
-710661440
-712758560
-710595903
-712693023
-710530366
-712627486
-710464829
-712561949
-709350692
-711447812
-709285155
-711382275
-709219618
-711316738
-709154081
-711251201
-709088552
-711185672
-709023015
-711120135
-708891941
-710989061
-708957478
-711054598
-709874988
-711972108
-709809451
-711906571
-709743914
-711841034
-705156452
-705090915
-705025378
-704959841
-704894312
-704828775
-704763238
-704697701
-705680748
-705615211
-708433236
-706336116
-708498769
-706401649
-708564306
-706467186
-708629847
-706532727
-708695384
-706598264
-708760917
-706663797
-708826454
-706729334
-707843419
-705746299
-707908956
-705811836
-707974489
-705877369
-708040026
-705942906
-708105567
-706008447
-708171104
-706073984
-708236637
-706139517
-708302174
-706205054
-707319107
-705221987
-707384644
-705287524
-707450177
-705353057
-707515714
-705418594
-707581255
-705484135
-707646792
-705549672
-707777862
-705680742
-707712325
-705615205
-706794827
-704697707
-706860364
-704763244
-706925897
-704828777
-711513347
-711578884
-711644417
-711709954
-711775495
-711841032
-711906565
-711972102
-710989067
-711054604
-688968941
-691066061
-689165552
-691262672
-689100015
-691197135
-689296618
-691393738
-689231081
-691328201
-689427692
-691524812
-689362155
-691459275
-689558758
-691655878
-689493221
-691590341
-689689832
-691786952
-689624295
-691721415
-689820898
-691918018
-689755361
-691852481
-689951972
-692049092
-689886435
-691983555
-687985918
-690083038
-687920381
-690017501
-688116992
-690214112
-688051455
-690148575
-688248058
-690345178
-688182521
-690279641
-688313595
-690410715
-688379132
-690476252
-688510198
-690607318
-688444661
-690541781
-688641272
-690738392
-692180158
-692114621
-692311232
-692245695
-692442298
-692376761
-692573372
-692507835
-692704438
-692638901
-703845390
-701748270
-703648783
-701551663
-703714320
-701617200
-704041993
-701944873
-704107530
-702010410
-703910923
-701813803
-703976460
-701879340
-704304133
-702207013
-704369670
-702272550
-704173063
-702075943
-704238600
-702141480
-704566273
-702469153
-704631810
-702534690
-704435203
-702338083
-704500740
-702403620
-702731293
-700634173
-702796830
-700699710
-702600223
-700503103
-702665760
-700568640
-702993433
-700896313
-703058970
-700961850
-702927900
-700830780
-702862363
-700765243
-703255573
-701158453
-703321110
-701223990
-703124503
-701027383
-698537053
-698602590
-698405983
-698471520
-698799193
-698864730
-698668123
-698733660
-699061333
-699126870
-701682863
-703779983
-701617326
-703714446
-701551789
-703648909
-702010540
-704107660
-701945003
-704042123
-701879466
-703976586
-701813929
-703911049
-702272680
-704369800
-702207143
-704304263
-702141606
-704238726
-702076069
-704173189
-702534820
-704631940
-702469283
-704566403
-702403746
-704500866
-702338209
-704435329
-700699840
-702796960
-700634303
-702731423
-700568766
-702665886
-700503229
-702600349
-700961980
-703059100
-700896443
-702993563
-700765369
-702862489
-700830906
-702928026
-701224120
-703321240
-701158583
-703255703
-701093046
-703190166
-696505600
-696440063
-696374526
-696308989
-696767740
-696702203
-696636666
-696571129
-697029880
-696964343
-699782352
-697685232
-699847885
-697750765
-699913422
-697816302
-699454667
-697357547
-699520204
-697423084
-699585737
-697488617
-699651274
-697554154
-700241095
-698143975
-700306632
-698209512
-700372165
-698275045
-700437702
-698340582
-699978947
-697881827
-700044484
-697947364
-700110017
-698012897
-700175554
-698078434
-698668255
-696571135
-698733792
-696636672
-698799325
-696702205
-698864862
-696767742
-698406107
-696308987
-698471644
-696374524
-698602714
-696505594
-698537177
-696440057
-699192535
-697095415
-699258072
-697160952
-699323605
-697226485
-702862495
-702928032
-702993565
-703059102
-702600347
-702665884
-702731417
-702796954
-703386775
-703452312
-680318585
-682415705
-680515196
-682612316
-680449659
-682546779
-680121982
-682219102
-680056445
-682153565
-680253056
-682350176
-680187519
-682284639
-679859826
-681956946
-679794289
-681891409
-679990900
-682088020
-679925363
-682022483
-679597686
-681694806
-679532149
-681629269
-679728760
-681825880
-679663223
-681760343
-681432682
-683529802
-681367145
-683464265
-681563756
-683660876
-681498219
-683595339
-681170542
-683267662
-681105005
-683202125
-681236079
-683333199
-681301616
-683398736
-680908386
-683005506
-680842849
-682939969
-681039460
-683136580
-685626922
-685561385
-685757996
-685692459
-685364782
-685299245
-685495856
-685430319
-685102626
-685037089
-695195034
-693097914
-694998427
-692901307
-695063964
-692966844
-694867357
-692770237
-694932894
-692835774
-694736287
-692639167
-694801824
-692704704
-694605201
-692508081
-694670738
-692573618
-694474131
-692377011
-694539668
-692442548
-694343061
-692245941
-694408598
-692311478
-694211991
-692114871
-694277528
-692180408
-696178057
-694080937
-696243594
-694146474
-696046987
-693949867
-696112524
-694015404
-695915917
-693818797
-695981454
-693884334
-695850384
-693753264
-695784847
-693687727
-695653761
-693556641
-695719298
-693622178
-695522691
-693425571
-691983817
-692049354
-691852747
-691918284
-691721677
-691787214
-691590607
-691656144
-691459521
-691525058
1618587966
1616490782
1618653501
1616556317
1618719036
1616621852
1618784571
1616687387
1618850106
1616752922
1618915641
1616818457
1618981176
1616883992
1617998135
1615900951
1618063670
1615966486
1618129205
1616032021
1618194740
1616097556
1618260275
1616163091
1618325810
1616228626
1618391345
1616294161
1618456880
1616359696
1617473839
1615376655
1617539374
1615442190
1617604909
1615507725
1617670444
1615573260
1617735979
1615638795
1617801514
1615704330
1617932584
1615835400
1617867049
1615769865
1616949543
1614852359
1617015078
1614917894
1617080613
1614983429
1613279599
1613345134
1613410669
1613476204
1613541739
1613607274
1613672809
1613738344
1612755303
1612820838
1683598686
1685695870
1683664221
1685761405
1683729756
1685826940
1683795291
1685892475
1683860826
1685958010
1683926361
1686023545
1683991896
1686089080
1683008855
1685106039
1683074390
1685171574
1683139925
1685237109
1683205460
1685302644
1683270995
1685368179
1683336530
1685433714
1683402065
1685499249
1683467600
1685564784
1682484559
1684581743
1682550094
1684647278
1682615629
1684712813
1682681164
1684778348
1682746699
1684843883
1682812234
1684909418
1682943304
1685040488
1682877769
1684974953
1681960263
1684057447
1682025798
1684122982
1682091333
1684188517
1678290191
1678355726
1678421261
1678486796
1678552331
1678617866
1678683401
1678748936
1677765895
1677831430
1603711133
1605808317
1603645598
1605742782
1603580063
1605677247
1603514520
1605611704
1603448985
1605546169
1603383450
1605480634
1603317915
1605415099
1604300948
1606398132
1604235413
1606332597
1604169878
1606267062
1604104343
1606201527
1604038800
1606135984
1603973265
1606070449
1603907730
1606004914
1603842195
1605939379
1602728076
1604825260
1602662541
1604759725
1602597006
1604694190
1602531471
1604628655
1602465928
1604563112
1602400393
1604497577
1602269323
1604366507
1602334858
1604432042
1603252356
1605349540
1603186821
1605284005
1603121286
1605218470
1606922444
1606856909
1606791374
1606725839
1606660296
1606594761
1606529226
1606463691
1607446724
1607381189
1685499069
1683401885
1685433534
1683336350
1685367999
1683270815
1685302456
1683205272
1685236921
1683139737
1685171386
1683074202
1685105851
1683008667
1686088884
1683991700
1686023349
1683926165
1685957814
1683860630
1685892279
1683795095
1685826736
1683729552
1685761201
1683664017
1685695666
1683598482
1685630131
1683532947
1684516012
1682418828
1684450477
1682353293
1684384942
1682287758
1684319407
1682222223
1684253864
1682156680
1684188329
1682091145
1684057259
1681960075
1684122794
1682025610
1685040292
1682943108
1684974757
1682877573
1684909222
1682812038
1680321772
1680256237
1680190702
1680125167
1680059624
1679994089
1679928554
1679863019
1680846052
1680780517
1605874044
1603776860
1605677439
1603580255
1605742974
1603645790
1605546361
1603449177
1605611896
1603514712
1605415291
1603318107
1605480826
1603383642
1606332789
1604235605
1606398324
1604301140
1606201719
1604104535
1606267254
1604170070
1606070641
1603973457
1606136176
1604038992
1605939571
1603842387
1606005106
1603907922
1604759917
1602662733
1604825452
1602728268
1604628847
1602531663
1604694382
1602597198
1604497769
1602400585
1604563304
1602466120
1604432234
1602335050
1604366699
1602269515
1605284197
1603187013
1605349732
1603252548
1605153127
1603055943
1608954157
1609019692
1608823087
1608888622
1608692009
1608757544
1608560939
1608626474
1609478437
1609543972
1670884508
1672981692
1670687903
1672785087
1670753438
1672850622
1670556825
1672654009
1670622360
1672719544
1670425755
1672522939
1670491290
1672588474
1671343253
1673440437
1671408788
1673505972
1671212183
1673309367
1671277718
1673374902
1671081105
1673178289
1671146640
1673243824
1670950035
1673047219
1671015570
1673112754
1669770381
1671867565
1669835916
1671933100
1669639311
1671736495
1669704846
1671802030
1669508233
1671605417
1669573768
1671670952
1669442698
1671539882
1669377163
1671474347
1670294661
1672391845
1670360196
1672457380
1670163591
1672260775
1673964749
1674030284
1673833679
1673899214
1673702601
1673768136
1673571531
1673637066
1674489029
1674554564
1625076131
1627173251
1625272736
1627369856
1625207201
1627304321
1624879526
1626976646
1624813991
1626911111
1625010596
1627107716
1624945061
1627042181
1624617386
1626714506
1624551851
1626648971
1624748456
1626845576
1624682921
1626780041
1624355246
1626452366
1624289711
1626386831
1624486316
1626583436
1624420781
1626517901
1624093106
1626190226
1624027571
1626124691
1624224176
1626321296
1624158641
1626255761
1623830966
1625928086
1623765431
1625862551
1623896501
1625993621
1623962036
1626059156
1623568826
1625665946
1623503291
1625600411
1623699896
1625797016
1619898866
1619833331
1620029936
1619964401
1619636726
1619571191
1619767796
1619702261
1619374586
1619309051
1690086851
1687989731
1690283456
1688186336
1690217921
1688120801
1689890246
1687793126
1689824711
1687727591
1690021316
1687924196
1689955781
1687858661
1689628106
1687530986
1689562571
1687465451
1689759176
1687662056
1689693641
1687596521
1689365966
1687268846
1689300431
1687203311
1689497036
1687399916
1689431501
1687334381
1689103826
1687006706
1689038291
1686941171
1689234896
1687137776
1689169361
1687072241
1688841686
1686744566
1688776151
1686679031
1688907221
1686810101
1688972756
1686875636
1688579546
1686482426
1688514011
1686416891
1688710616
1686613496
1693298066
1693232531
1693429136
1693363601
1693035926
1692970391
1693166996
1693101461
1692773786
1692708251
1627238786
1625141666
1627304321
1625207201
1627369856
1625272736
1626911111
1624813991
1626976646
1624879526
1627042181
1624945061
1627107716
1625010596
1626648971
1624551851
1626714506
1624617386
1626780041
1624682921
1626845576
1624748456
1626386831
1624289711
1626452366
1624355246
1626517901
1624420781
1626583436
1624486316
1626124691
1624027571
1626190226
1624093106
1626255761
1624158641
1626321296
1624224176
1625862551
1623765431
1625928086
1623830966
1626059156
1623962036
1625993621
1623896501
1625600411
1623503291
1625665946
1623568826
1625731481
1623634361
1621930451
1621995986
1622061521
1622127056
1621668311
1621733846
1621799381
1621864916
1621406171
1621471706
1692249506
1694346626
1692315041
1694412161
1692380576
1694477696
1691921831
1694018951
1691987366
1694084486
1692052901
1694150021
1692118436
1694215556
1691659691
1693756811
1691725226
1693822346
1691790761
1693887881
1691856296
1693953416
1691397551
1693494671
1691463086
1693560206
1691528621
1693625741
1691594156
1693691276
1691135411
1693232531
1691200946
1693298066
1691266481
1693363601
1691332016
1693429136
1690873271
1692970391
1690938806
1693035926
1691069876
1693166996
1691004341
1693101461
1690611131
1692708251
1690676666
1692773786
1690742201
1692839321
1686941171
1687006706
1687072241
1687137776
1686679031
1686744566
1686810101
1686875636
1686416891
1686482426
1612362209
1614459329
1612296674
1614393794
1612231139
1614328259
1612689892
1614787012
1612624357
1614721477
1612558822
1614655942
1612493287
1614590407
1611903464
1614000584
1611837929
1613935049
1611772394
1613869514
1611706859
1613803979
1612165612
1614262732
1612100077
1614197197
1612034542
1614131662
1611969007
1614066127
1611379184
1613476304
1611313649
1613410769
1611248114
1613345234
1611182579
1613279699
1611641332
1613738452
1611575797
1613672917
1611444727
1613541847
1611510262
1613607382
1610854904
1612952024
1610789369
1612886489
1610723834
1612820954
1615573424
1615507889
1615442354
1615376819
1615835572
1615770037
1615704502
1615638967
1615049144
1614983609
1694149889
1692052769
1694084354
1691987234
1694018819
1691921699
1694477572
1692380452
1694412037
1692314917
1694346502
1692249382
1694280967
1692183847
1693691144
1691594024
1693625609
1691528489
1693560074
1691462954
1693494539
1691397419
1693953292
1691856172
1693887757
1691790637
1693822222
1691725102
1693756687
1691659567
1693166864
1691069744
1693101329
1691004209
1693035794
1690938674
1692970259
1690873139
1693429012
1691331892
1693363477
1691266357
1693232407
1691135287
1693297942
1691200822
1692642584
1690545464
1692577049
1690479929
1692511514
1690414394
1688972624
1688907089
1688841554
1688776019
1689234772
1689169237
1689103702
1689038167
1688448344
1688382809
1614524864
1612427744
1614328259
1612231139
1614393794
1612296674
1614721477
1612624357
1614787012
1612689892
1614590407
1612493287
1614655942
1612558822
1613935049
1611837929
1614000584
1611903464
1613803979
1611706859
1613869514
1611772394
1614197197
1612100077
1614262732
1612165612
1614066127
1611969007
1614131662
1612034542
1613410769
1611313649
1613476304
1611379184
1613279699
1611182579
1613345234
1611248114
1613672917
1611575797
1613738452
1611641332
1613607382
1611510262
1613541847
1611444727
1612886489
1610789369
1612952024
1610854904
1612755419
1610658299
1617605009
1617670544
1617473939
1617539474
1617867157
1617932692
1617736087
1617801622
1617080729
1617146264
1679535584
1681632704
1679338979
1681436099
1679404514
1681501634
1679732197
1681829317
1679797732
1681894852
1679601127
1681698247
1679666662
1681763782
1678945769
1681042889
1679011304
1681108424
1678814699
1680911819
1678880234
1680977354
1679207917
1681305037
1679273452
1681370572
1679076847
1681173967
1679142382
1681239502
1678421489
1680518609
1678487024
1680584144
1678290419
1680387539
1678355954
1680453074
1678683637
1680780757
1678749172
1680846292
1678618102
1680715222
1678552567
1680649687
1677897209
1679994329
1677962744
1680059864
1677766139
1679863259
1682615729
1682681264
1682484659
1682550194
1682877877
1682943412
1682746807
1682812342
1682091449
1682156984
1629532247
1627435127
1629728852
1627631732
1629663317
1627566197
1629859922
1627762802
1629794387
1627697267
1629990992
1627893872
1629925457
1627828337
1630122078
1628024958
1630056543
1627959423
1630253148
1628156028
1630187613
1628090493
1630384218
1628287098
1630318683
1628221563
1630515288
1628418168
1630449753
1628352633
1630646342
1628549222
1630580807
1628483687
1630777412
1628680292
1630711877
1628614757
1630908482
1628811362
1630842947
1628745827
1630974017
1628876897
1631039552
1628942432
1631170638
1629073518
1631105103
1629007983
1631301708
1629204588
1634840582
1634775047
1634971652
1634906117
1635102722
1635037187
1635233792
1635168257
1635364878
1635299343
1694542967
1696640087
1694739572
1696836692
1694674037
1696771157
1694870642
1696967762
1694805107
1696902227
1695001712
1697098832
1694936177
1697033297
1695132798
1697229918
1695067263
1697164383
1695263868
1697360988
1695198333
1697295453
1695394938
1697492058
1695329403
1697426523
1695526008
1697623128
1695460473
1697557593
1695657062
1697754182
1695591527
1697688647
1695788132
1697885252
1695722597
1697819717
1695919202
1698016322
1695853667
1697950787
1695984737
1698081857
1696050272
1698147392
1696181358
1698278478
1696115823
1698212943
1696312428
1698409548
1699851302
1699785767
1699982372
1699916837
1700113442
1700047907
1700244512
1700178977
1700375598
1700310063
1631694902
1633792022
1631760437
1633857557
1631825972
1633923092
1631891507
1633988627
1631957042
1634054162
1632022577
1634119697
1632088112
1634185232
1632153663
1634250783
1632219198
1634316318
1632284733
1634381853
1632350268
1634447388
1632415803
1634512923
1632481338
1634578458
1632546873
1634643993
1632612408
1634709528
1632677927
1634775047
1632743462
1634840582
1632808997
1634906117
1632874532
1634971652
1632940067
1635037187
1633005602
1635102722
1633136672
1635233792
1633071137
1635168257
1633202223
1635299343
1633267758
1635364878
1633333293
1635430413
1628483687
1628549222
1628614757
1628680292
1628745827
1628811362
1628876897
1628942432
1629007983
1629073518
1696705622
1694608502
1696771157
1694674037
1696836692
1694739572
1696902227
1694805107
1696967762
1694870642
1697033297
1694936177
1697098832
1695001712
1697164383
1695067263
1697229918
1695132798
1697295453
1695198333
1697360988
1695263868
1697426523
1695329403
1697492058
1695394938
1697557593
1695460473
1697623128
1695526008
1697688647
1695591527
1697754182
1695657062
1697819717
1695722597
1697885252
1695788132
1697950787
1695853667
1698016322
1695919202
1698147392
1696050272
1698081857
1695984737
1698212943
1696115823
1698278478
1696181358
1698344013
1696246893
1701882887
1701948422
1702013957
1702079492
1702145027
1702210562
1702276097
1702341632
1702407183
1702472718
1621012373
1623109557
1620946838
1623044022
1620881303
1622978487
1620815760
1622912944
1620750225
1622847409
1620684690
1622781874
1620619155
1622716339
1620553628
1622650812
1620488093
1622585277
1620422558
1622519742
1620357023
1622454207
1620291480
1622388664
1620225945
1622323129
1620160410
1622257594
1620094875
1622192059
1620029316
1622126500
1619963781
1622060965
1619898246
1621995430
1619832711
1621929895
1619767168
1621864352
1619701633
1621798817
1619570563
1621667747
1619636098
1621733282
1619505036
1621602220
1619439501
1621536685
1619373966
1621471150
1624223684
1624158149
1624092614
1624027079
1623961536
1623896001
1623830466
1623764931
1623699404
1623633869
1702800309
1700703125
1702734774
1700637590
1702669239
1700572055
1702603696
1700506512
1702538161
1700440977
1702472626
1700375442
1702407091
1700309907
1702341564
1700244380
1702276029
1700178845
1702210494
1700113310
1702144959
1700047775
1702079416
1699982232
1702013881
1699916697
1701948346
1699851162
1701882811
1699785627
1701817252
1699720068
1701751717
1699654533
1701686182
1699588998
1701620647
1699523463
1701555104
1699457920
1701489569
1699392385
1701358499
1699261315
1701424034
1699326850
1701292972
1699195788
1701227437
1699130253
1701161902
1699064718
1697623012
1697557477
1697491942
1697426407
1697360864
1697295329
1697229794
1697164259
1697098732
1697033197
1623175284
1621078100
1622978679
1620881495
1623044214
1620947030
1622847601
1620750417
1622913136
1620815952
1622716531
1620619347
1622782066
1620684882
1622585469
1620488285
1622651004
1620553820
1622454399
1620357215
1622519934
1620422750
1622323321
1620226137
1622388856
1620291672
1622192251
1620095067
1622257786
1620160602
1622061157
1619963973
1622126692
1620029508
1621930087
1619832903
1621995622
1619898438
1621799009
1619701825
1621864544
1619767360
1621733474
1619636290
1621667939
1619570755
1621536877
1619439693
1621602412
1619505228
1621405807
1619308623
1626255397
1626320932
1626124327
1626189862
1625993249
1626058784
1625862179
1625927714
1625731117
1625796652
1688185748
1690282932
1687989143
1690086327
1688054678
1690151862
1687858065
1689955249
1687923600
1690020784
1687726995
1689824179
1687792530
1689889714
1687595933
1689693117
1687661468
1689758652
1687464863
1689562047
1687530398
1689627582
1687333785
1689430969
1687399320
1689496504
1687202715
1689299899
1687268250
1689365434
1687071621
1689168805
1687137156
1689234340
1686940551
1689037735
1687006086
1689103270
1686809473
1688906657
1686875008
1688972192
1686743938
1688841122
1686678403
1688775587
1686547341
1688644525
1686612876
1688710060
1686416271
1688513455
1691265989
1691331524
1691134919
1691200454
1691003841
1691069376
1690872771
1690938306
1690741709
1690807244
1638183131
1636086011
1638379736
1636282616
1638314201
1636217081
1637986526
1635889406
1637920991
1635823871
1638117596
1636020476
1638052061
1635954941
1638772946
1636675826
1638707411
1636610291
1638904016
1636806896
1638838481
1636741361
1638510806
1636413686
1638445271
1636348151
1638641876
1636544756
1638576341
1636479221
1639297226
1637200106
1639231691
1637134571
1639428296
1637331176
1639362761
1637265641
1639035086
1636937966
1638969551
1636872431
1639100621
1637003501
1639166156
1637069036
1639821506
1637724386
1639755971
1637658851
1639952576
1637855456
1643491466
1643425931
1643622536
1643557001
1643229326
1643163791
1643360396
1643294861
1644015746
1643950211
1703193851
1705290971
1703390456
1705487576
1703324921
1705422041
1702997246
1705094366
1702931711
1705028831
1703128316
1705225436
1703062781
1705159901
1703783666
1705880786
1703718131
1705815251
1703914736
1706011856
1703849201
1705946321
1703521526
1705618646
1703455991
1705553111
1703652596
1705749716
1703587061
1705684181
1704307946
1706405066
1704242411
1706339531
1704439016
1706536136
1704373481
1706470601
1704045806
1706142926
1703980271
1706077391
1704111341
1706208461
1704176876
1706273996
1704832226
1706929346
1704766691
1706863811
1704963296
1707060416
1708502186
1708436651
1708633256
1708567721
1708240046
1708174511
1708371116
1708305581
1709026466
1708960931
1640345786
1642442906
1640411321
1642508441
1640476856
1642573976
1640018111
1642115231
1640083646
1642180766
1640149181
1642246301
1640214716
1642311836
1640804531
1642901651
1640870066
1642967186
1640935601
1643032721
1641001136
1643098256
1640542391
1642639511
1640607926
1642705046
1640673461
1642770581
1640738996
1642836116
1641328811
1643425931
1641394346
1643491466
1641459881
1643557001
1641525416
1643622536
1641066671
1643163791
1641132206
1643229326
1641263276
1643360396
1641197741
1643294861
1641853091
1643950211
1641918626
1644015746
1641984161
1644081281
1637134571
1637200106
1637265641
1637331176
1636872431
1636937966
1637003501
1637069036
1637658851
1637724386
1705356506
1703259386
1705422041
1703324921
1705487576
1703390456
1705028831
1702931711
1705094366
1702997246
1705159901
1703062781
1705225436
1703128316
1705815251
1703718131
1705880786
1703783666
1705946321
1703849201
1706011856
1703914736
1705553111
1703455991
1705618646
1703521526
1705684181
1703587061
1705749716
1703652596
1706339531
1704242411
1706405066
1704307946
1706470601
1704373481
1706536136
1704439016
1706077391
1703980271
1706142926
1704045806
1706273996
1704176876
1706208461
1704111341
1706863811
1704766691
1706929346
1704832226
1706994881
1704897761
1710533771
1710599306
1710664841
1710730376
1710271631
1710337166
1710402701
1710468236
1711058051
1711123586
1642246169
1640149049
1642180634
1640083514
1642115099
1640017979
1642573852
1640476732
1642508317
1640411197
1642442782
1640345662
1642377247
1640280127
1642835984
1640738864
1642770449
1640673329
1642704914
1640607794
1642639379
1640542259
1643098132
1641001012
1643032597
1640935477
1642967062
1640869942
1642901527
1640804407
1643360264
1641263144
1643294729
1641197609
1643229194
1641132074
1643163659
1641066539
1643622412
1641525292
1643556877
1641459757
1643425807
1641328687
1643491342
1641394222
1643884544
1641787424
1643819009
1641721889
1643753474
1641656354
1639166024
1639100489
1639034954
1638969419
1639428172
1639362637
1639297102
1639231567
1639690304
1639624769
1707256889
1709354009
1707191354
1709288474
1707125819
1709222939
1707584572
1709681692
1707519037
1709616157
1707453502
1709550622
1707387967
1709485087
1707846704
1709943824
1707781169
1709878289
1707715634
1709812754
1707650099
1709747219
1708108852
1710205972
1708043317
1710140437
1707977782
1710074902
1707912247
1710009367
1708370984
1710468104
1708305449
1710402569
1708239914
1710337034
1708174379
1710271499
1708633132
1710730252
1708567597
1710664717
1708436527
1710533647
1708502062
1710599182
1708895264
1710992384
1708829729
1710926849
1708764194
1710861314
1704176744
1704111209
1704045674
1703980139
1704438892
1704373357
1704307822
1704242287
1704701024
1704635489
1627631864
1629728984
1627435259
1629532379
1627500794
1629597914
1627828477
1629925597
1627894012
1629991132
1627697407
1629794527
1627762942
1629860062
1628090609
1630187729
1628156144
1630253264
1627959539
1630056659
1628025074
1630122194
1628352757
1630449877
1628418292
1630515412
1628221687
1630318807
1628287222
1630384342
1628614889
1630712009
1628680424
1630777544
1628483819
1630580939
1628549354
1630646474
1628877037
1630974157
1628942572
1631039692
1628811502
1630908622
1628745967
1630843087
1629139169
1631236289
1629204704
1631301824
1629008099
1631105219
1632809129
1632874664
1632678059
1632743594
1633071277
1633136812
1632940207
1633005742
1633333409
1633398944
1709419544
1707322424
1709222939
1707125819
1709288474
1707191354
1709616157
1707519037
1709681692
1707584572
1709485087
1707387967
1709550622
1707453502
1709878289
1707781169
1709943824
1707846704
1709747219
1707650099
1709812754
1707715634
1710140437
1708043317
1710205972
1708108852
1710009367
1707912247
1710074902
1707977782
1710402569
1708305449
1710468104
1708370984
1710271499
1708174379
1710337034
1708239914
1710664717
1708567597
1710730252
1708633132
1710599182
1708502062
1710533647
1708436527
1710926849
1708829729
1710992384
1708895264
1710795779
1708698659
1706208329
1706273864
1706077259
1706142794
1706470477
1706536012
1706339407
1706404942
1706732609
1706798144
1581822767
1583919887
1582019372
1584116492
1581953837
1584050957
1582150442
1584247562
1582084907
1584182027
1582281512
1584378632
1582215977
1584313097
1581364006
1583461126
1581298471
1583395591
1581495076
1583592196
1581429541
1583526661
1581626146
1583723266
1581560611
1583657731
1581757216
1583854336
1581691681
1583788801
1582936894
1585034014
1582871359
1584968479
1583067964
1585165084
1583002429
1585099549
1583199034
1585296154
1583133499
1585230619
1583264569
1585361689
1583330104
1585427224
1582412598
1584509718
1582347063
1584444183
1582543668
1584640788
1578742654
1578677119
1578873724
1578808189
1579004794
1578939259
1579135864
1579070329
1578218358
1578152823
1646833487
1644736367
1647030092
1644932972
1646964557
1644867437
1647161162
1645064042
1647095627
1644998507
1647292232
1645195112
1647226697
1645129577
1646374726
1644277606
1646309191
1644212071
1646505796
1644408676
1646440261
1644343141
1646636866
1644539746
1646571331
1644474211
1646767936
1644670816
1646702401
1644605281
1647947614
1645850494
1647882079
1645784959
1648078684
1645981564
1648013149
1645916029
1648209754
1646112634
1648144219
1646047099
1648275289
1646178169
1648340824
1646243704
1647423318
1645326198
1647357783
1645260663
1647554388
1645457268
1652141854
1652076319
1652272924
1652207389
1652403994
1652338459
1652535064
1652469529
1651617558
1651552023
1583985422
1581888302
1584050957
1581953837
1584116492
1582019372
1584182027
1582084907
1584247562
1582150442
1584313097
1582215977
1584378632
1582281512
1583395591
1581298471
1583461126
1581364006
1583526661
1581429541
1583592196
1581495076
1583657731
1581560611
1583723266
1581626146
1583788801
1581691681
1583854336
1581757216
1584968479
1582871359
1585034014
1582936894
1585099549
1583002429
1585165084
1583067964
1585230619
1583133499
1585296154
1583199034
1585427224
1583330104
1585361689
1583264569
1584444183
1582347063
1584509718
1582412598
1584575253
1582478133
1580774239
1580839774
1580905309
1580970844
1581036379
1581101914
1581167449
1581232984
1580249943
1580315478
1648996142
1651093262
1649061677
1651158797
1649127212
1651224332
1649192747
1651289867
1649258282
1651355402
1649323817
1651420937
1649389352
1651486472
1648406311
1650503431
1648471846
1650568966
1648537381
1650634501
1648602916
1650700036
1648668451
1650765571
1648733986
1650831106
1648799521
1650896641
1648865056
1650962176
1649979199
1652076319
1650044734
1652141854
1650110269
1652207389
1650175804
1652272924
1650241339
1652338459
1650306874
1652403994
1650437944
1652535064
1650372409
1652469529
1649454903
1651552023
1649520438
1651617558
1649585973
1651683093
1645784959
1645850494
1645916029
1645981564
1646047099
1646112634
1646178169
1646243704
1645260663
1645326198
1569108845
1571205965
1569043310
1571140430
1568977775
1571074895
1568912232
1571009352
1568846697
1570943817
1568781162
1570878282
1568715627
1570812747
1569698660
1571795780
1569633125
1571730245
1569567590
1571664710
1569502055
1571599175
1569436512
1571533632
1569370977
1571468097
1569305442
1571402562
1569239907
1571337027
1570222972
1572320092
1570157437
1572254557
1570091902
1572189022
1570026367
1572123487
1569960824
1572057944
1569895289
1571992409
1569764219
1571861339
1569829754
1571926874
1570747252
1572844372
1570681717
1572778837
1570616182
1572713302
1574417212
1574351677
1574286142
1574220607
1574155064
1574089529
1574023994
1573958459
1574941492
1574875957
1650896525
1648799405
1650830990
1648733870
1650765455
1648668335
1650699912
1648602792
1650634377
1648537257
1650568842
1648471722
1650503307
1648406187
1651486340
1649389220
1651420805
1649323685
1651355270
1649258150
1651289735
1649192615
1651224192
1649127072
1651158657
1649061537
1651093122
1648996002
1651027587
1648930467
1652010652
1649913532
1651945117
1649847997
1651879582
1649782462
1651814047
1649716927
1651748504
1649651384
1651682969
1649585849
1651551899
1649454779
1651617434
1649520314
1652534932
1650437812
1652469397
1650372277
1652403862
1650306742
1647816412
1647750877
1647685342
1647619807
1647554264
1647488729
1647423194
1647357659
1648340692
1648275157
1571271500
1569174380
1571074895
1568977775
1571140430
1569043310
1570943817
1568846697
1571009352
1568912232
1570812747
1568715627
1570878282
1568781162
1571730245
1569633125
1571795780
1569698660
1571599175
1569502055
1571664710
1569567590
1571468097
1569370977
1571533632
1569436512
1571337027
1569239907
1571402562
1569305442
1572254557
1570157437
1572320092
1570222972
1572123487
1570026367
1572189022
1570091902
1571992409
1569895289
1572057944
1569960824
1571926874
1569829754
1571861339
1569764219
1572778837
1570681717
1572844372
1570747252
1572647767
1570550647
1576448797
1576514332
1576317727
1576383262
1576186649
1576252184
1576055579
1576121114
1576973077
1577038612
1636282220
1638379340
1636085615
1638182735
1636151150
1638248270
1635954537
1638051657
1636020072
1638117192
1635823467
1637920587
1635889002
1637986122
1636740965
1638838085
1636806500
1638903620
1636609895
1638707015
1636675430
1638772550
1636478817
1638575937
1636544352
1638641472
1636347747
1638444867
1636413282
1638510402
1637265277
1639362397
1637330812
1639427932
1637134207
1639231327
1637199742
1639296862
1637003129
1639100249
1637068664
1639165784
1636937594
1639034714
1636872059
1638969179
1637789557
1639886677
1637855092
1639952212
1637658487
1639755607
1641459517
1641525052
1641328447
1641393982
1641197369
1641262904
1641066299
1641131834
1641983797
1642049332
1590473651
1592570771
1590670256
1592767376
1590604721
1592701841
1590277046
1592374166
1590211511
1592308631
1590408116
1592505236
1590342581
1592439701
1590014906
1592112026
1589949371
1592046491
1590145976
1592243096
1590080441
1592177561
1589752766
1591849886
1589687231
1591784351
1589883836
1591980956
1589818301
1591915421
1591587746
1593684866
1591522211
1593619331
1591718816
1593815936
1591653281
1593750401
1591325606
1593422726
1591260071
1593357191
1591391141
1593488261
1591456676
1593553796
1591063466
1593160586
1590997931
1593095051
1591194536
1593291656
1587393506
1587327971
1587524576
1587459041
1587131366
1587065831
1587262436
1587196901
1586869226
1586803691
1655484371
1653387251
1655680976
1653583856
1655615441
1653518321
1655287766
1653190646
1655222231
1653125111
1655418836
1653321716
1655353301
1653256181
1655025626
1652928506
1654960091
1652862971
1655156696
1653059576
1655091161
1652994041
1654763486
1652666366
1654697951
1652600831
1654894556
1652797436
1654829021
1652731901
1656598466
1654501346
1656532931
1654435811
1656729536
1654632416
1656664001
1654566881
1656336326
1654239206
1656270791
1654173671
1656401861
1654304741
1656467396
1654370276
1656074186
1653977066
1656008651
1653911531
1656205256
1654108136
1660792706
1660727171
1660923776
1660858241
1660530566
1660465031
1660661636
1660596101
1660268426
1660202891
1592636306
1590539186
1592701841
1590604721
1592767376
1590670256
1592308631
1590211511
1592374166
1590277046
1592439701
1590342581
1592505236
1590408116
1592046491
1589949371
1592112026
1590014906
1592177561
1590080441
1592243096
1590145976
1591784351
1589687231
1591849886
1589752766
1591915421
1589818301
1591980956
1589883836
1593619331
1591522211
1593684866
1591587746
1593750401
1591653281
1593815936
1591718816
1593357191
1591260071
1593422726
1591325606
1593553796
1591456676
1593488261
1591391141
1593095051
1590997931
1593160586
1591063466
1593226121
1591129001
1589425091
1589490626
1589556161
1589621696
1589162951
1589228486
1589294021
1589359556
1588900811
1588966346
1657647026
1659744146
1657712561
1659809681
1657778096
1659875216
1657319351
1659416471
1657384886
1659482006
1657450421
1659547541
1657515956
1659613076
1657057211
1659154331
1657122746
1659219866
1657188281
1659285401
1657253816
1659350936
1656795071
1658892191
1656860606
1658957726
1656926141
1659023261
1656991676
1659088796
1658630051
1660727171
1658695586
1660792706
1658761121
1660858241
1658826656
1660923776
1658367911
1660465031
1658433446
1660530566
1658564516
1660661636
1658498981
1660596101
1658105771
1660202891
1658171306
1660268426
1658236841
1660333961
1654435811
1654501346
1654566881
1654632416
1654173671
1654239206
1654304741
1654370276
1653911531
1653977066
1579922384
1577825264
1579725779
1577628659
1579791314
1577694194
1580118997
1578021877
1580184532
1578087412
1579987927
1577890807
1580053462
1577956342
1579332569
1577235449
1579398104
1577300984
1579201499
1577104379
1579267034
1577169914
1579594717
1577497597
1579660252
1577563132
1579463647
1577366527
1579529182
1577432062
1580905409
1578808289
1580970944
1578873824
1580774339
1578677219
1580839874
1578